3
21
50
55
90
111
142
155
156
157
158
179
203
209
226
229
235
241
258
259
262
264
271
283
295
310
313
315
317
327
328
333
366
367
368
371
373
379
387
395
398
401
402
408
414
416
417
422
425
431
444
451
452
454
460
461
464
468
469
470
471
472
473
478
479
483
484
486
491
493
495
496
497
498
499
500
501
502
503
504
506
507
508
509
511
512
513
514
515
517
518
519
520
521
522
523
524
525
526
527
528
529
530
534
536
537
538
539
540
542
543
544
545
546
547
548
549
550
551
554
555
556
561
562
563
564
566
568
569
570
571
573
574
575
583
587
588
590
592
596
